score : {'rouge-1': {'r': 0.17353272447159965, 'p': 0.16608412148555768, 'f': 0.16682525329947695}, 'rouge-2': {'r': 0.007998997140631854, 'p': 0.0074954558950878014, 'f': 0.007562594555326842}, 'rouge-l': {'r': 0.13989083716144285, 'p': 0.1342445937767116, 'f': 0.1347009334009066}}
score_recall : 0.3214225587736743
score_f : 0.3090887812557104
