score : {'rouge-1': {'r': 0.1658652004395742, 'p': 0.1688963415190172, 'f': 0.16417432498736323}, 'rouge-2': {'r': 0.007173311761519119, 'p': 0.006776714623026008, 'f': 0.0067717011352577666}, 'rouge-l': {'r': 0.13417842564277702, 'p': 0.13725215265786334, 'f': 0.13309498237860048}}
score_recall : 0.30721693784387033
score_f : 0.3040410085012215
