score : {'rouge-1': {'r': 0.18649349393140321, 'p': 0.20114880868047402, 'f': 0.1913284529263958}, 'rouge-2': {'r': 0.013190888640998358, 'p': 0.013366233556206857, 'f': 0.013063647286127756}, 'rouge-l': {'r': 0.1512926558287368, 'p': 0.16317176690709317, 'f': 0.1552205928532911}}
score_recall : 0.35097703840113836
score_f : 0.35961269306581467
