score : {'rouge-1': {'r': 0.15549765500437954, 'p': 0.2035055084597885, 'f': 0.17251907283753076}, 'rouge-2': {'r': 0.007295822975749348, 'p': 0.008884086605139122, 'f': 0.0077809055405353164}, 'rouge-l': {'r': 0.13072070398029628, 'p': 0.1719587075804061, 'f': 0.1453293890235916}}
score_recall : 0.29351418196042517
score_f : 0.3256293674016577
