score : {'rouge-1': {'r': 0.15043319105980368, 'p': 0.17448745717945144, 'f': 0.15406551754510567}, 'rouge-2': {'r': 0.012310766148745173, 'p': 0.012699661564184984, 'f': 0.011671994605591922}, 'rouge-l': {'r': 0.14258095154621755, 'p': 0.1667626623424938, 'f': 0.1465813664675057}}
score_recall : 0.3053249087547664
score_f : 0.3123188786182033
