score : {'rouge-1': {'r': 0.15904887995440697, 'p': 0.14418802436521355, 'f': 0.14798046998393546}, 'rouge-2': {'r': 0.011826925154634774, 'p': 0.010790334529131564, 'f': 0.010980692511117109}, 'rouge-l': {'r': 0.14812814706922414, 'p': 0.13447472628179163, 'f': 0.13792226016700185}}
score_recall : 0.3190039521782659
score_f : 0.2968834226620544
