score : {'rouge-1': {'r': 0.14614580335132316, 'p': 0.14090279037873438, 'f': 0.14000690128798784}, 'rouge-2': {'r': 0.0072896168529173995, 'p': 0.006780861913568868, 'f': 0.006808730987206808}, 'rouge-l': {'r': 0.1378407228077822, 'p': 0.13321503691576003, 'f': 0.1322027994450503}}
score_recall : 0.29127614301202276
score_f : 0.279018431720245
