score : {'rouge-1': {'r': 0.16263200143777065, 'p': 0.16033580848518622, 'f': 0.15792876097200656}, 'rouge-2': {'r': 0.014295117313450994, 'p': 0.013386572170559097, 'f': 0.013456645763289045}, 'rouge-l': {'r': 0.15281442591633518, 'p': 0.15110758164933324, 'f': 0.14862914490284035}}
score_recall : 0.3297415446675568
score_f : 0.32001455163813597
